89
45
6
45 87 34 90 15 69 72 42 28 85 5 90 66 40 64 12 36 95 98 24 48 41 89 46 83 75 63 16 22 36 16 83 77 84 100 64 64 7 69 26 65 96 22 16 10
13 87 92 34 28 42 78 43 41 44 9 12 22 23 7 30 15 69 80 7 59 16 85 59 8 84 11 90 69 23 66 98 88 67 11 18 51 94 89 54 37 14 3 76 3
99 44 90 40 37 17 93 94 57 44 63 59 33 47 30 49 7 30 97 18 57 93 54 86 76 78 87 87 27 79 4 76 87 23 68 100 16 62 28 87 61 97 24 24 9
63 56 26 67 60 39 59 86 80 100 5 4 72 11 45 65 25 32 21 79 47 13 10 90 34 27 42 80 58 3 72 89 5 89 48 24 30 27 84 63 74 11 4 13 89
3 25 18 86 40 47 74 69 80 83 81 16 33 33 5 83 84 81 80 1 3 90 75 97 44 51 70 26 7 17 19 100 96 8 70 24 100 46 24 32 33 79 80 61 58
92 92 8 42 31 45 37 37 62 15 2 41 48 50 96 1 23 55 55 76 44 18 24 11 83 75 20 40 54 8 78 89 35 53 51 72 21 19 76 53 51 96 91 17 54
94 29 78 27 32 51 58 6 53 88 46 22 82 51 47 86 19 99 90 93 5 49 70 16 100 11 46 47 54 65 75 18 95 85 54 9 36 2 33 16 74 2 86 84 10
3 1 85 55 61 31 96 21 51 38 66 54 3 84 28 62 47 39 58 14 27 11 58 89 47 66 45 6 100 20 74 56 96 90 66 69 19 35 14 80 35 14 5 1 78
16 97 59 32 27 31 45 92 81 7 53 88 47 99 77 73 89 78 95 12 84 60 87 58 20 14 34 67 80 44 97 67 26 74 4 56 36 24 37 45 3 23 58 72 50
8 28 4 15 1 72 2 30 49 83 34 4 49 73 85 93 7 63 7 64 84 95 66 15 50 78 99 82 41 21 24 61 39 26 19 48 48 54 82 21 6 61 75 58 96
99 73 79 90 1 13 47 48 51 69 39 2 25 50 37 30 45 87 55 88 96 60 89 28 49 31 9 9 66 49 27 5 37 53 11 26 44 97 21 62 55 8 31 77 80
84 80 85 7 52 36 56 76 39 63 89 37 96 52 67 43 66 18 55 19 81 11 70 77 41 28 39 54 12 82 38 6 24 10 66 7 89 29 11 25 9 98 62 45 98
36 39 18 67 13 92 26 45 6 27 22 97 56 16 60 24 19 22 78 60 29 86 91 90 29 64 73 39 6 88 69 91 86 23 60 68 1 50 34 42 88 48 70 3 85
46 34 71 21 77 53 50 32 62 38 95 92 4 7 94 37 62 77 19 93 85 4 8 81 88 25 49 59 87 51 24 82 24 56 86 92 43 39 23 45 66 32 67 86 35
89 3 94 65 54 92 92 72 25 61 85 40 62 65 54 71 24 68 94 85 81 70 4 4 32 16 16 7 46 23 32 60 7 25 77 12 46 95 51 36 25 82 54 38 67
48 78 90 29 50 96 56 52 31 90 51 75 4 17 8 46 32 44 10 46 70 60 81 92 25 98 37 82 5 81 48 91 68 5 78 31 67 43 83 9 92 35 92 94 91
46 26 26 10 58 74 19 100 36 20 44 23 76 16 54 13 55 10 97 97 97 56 46 59 70 95 64 75 85 71 74 52 91 76 6 92 32 10 36 100 72 82 84 53 70
64 80 75 63 52 78 51 10 46 53 44 48 95 63 65 45 79 30 4 89 51 65 45 74 50 64 34 3 91 8 52 19 67 52 45 13 14 20 78 29 87 85 42 22 49
77 56 51 89 64 49 60 61 94 4 57 78 30 57 3 6 51 70 25 44 49 38 26 56 98 58 94 4 16 52 77 82 7 3 16 3 44 41 85 45 83 63 9 52 89
63 27 26 1 97 79 46 32 5 78 69 35 1 79 27 5 6 35 42 86 40 17 24 66 50 35 37 14 57 86 100 54 69 100 35 74 2 67 16 13 87 33 48 55 41
96 88 99 4 9 20 6 4 29 59 54 77 35 4 43 82 74 58 98 82 16 63 75 56 36 49 45 17 82 41 68 69 83 86 14 84 53 91 63 67 47 13 60 94 62
18 48 56 81 95 35 56 38 75 58 78 38 28 24 82 96 93 34 16 7 90 38 52 56 28 48 17 11 76 11 87 23 3 64 70 85 31 73 23 21 98 63 12 97 44
14 72 18 46 11 93 61 9 58 19 24 69 5 29 19 42 48 96 42 46 88 50 87 98 48 44 74 79 63 35 54 14 32 12 10 97 96 18 23 57 17 42 90 26 93
96 44 77 44 75 80 10 47 58 12 39 61 30 84 25 99 10 55 100 18 14 10 12 85 77 19 72 97 36 66 53 72 29 98 39 70 10 87 47 50 73 95 68 19 27
20 57 20 54 15 79 85 40 60 15 73 58 73 27 18 93 77 69 42 48 69 13 9 53 13 86 35 19 84 62 49 58 77 64 87 55 7 94 95 80 49 25 52 72 28
85 68 58 64 100 12 80 81 99 84 44 38 39 94 1 64 50 54 10 1 91 35 40 38 26 97 17 22 81 69 11 76 25 62 54 44 30 37 22 22 10 14 98 40 51
52 53 66 87 66 49 11 63 17 52 60 51 7 59 17 97 14 79 6 92 52 90 59 46 62 30 49 59 6 31 75 34 71 91 70 30 73 34 33 60 73 83 40 48 11
33 59 68 39 51 14 71 86 39 38 16 98 49 65 53 33 9 17 74 12 47 98 76 35 83 100 19 10 13 34 97 9 60 94 52 51 81 60 43 42 37 1 70 73 43
21 92 33 75 7 3 63 48 34 64 26 61 28 59 58 62 16 57 83 17 93 21 60 4 95 70 11 14 95 56 64 54 65 6 9 27 31 30 66 89 73 63 88 51 3
99 65 32 35 10 55 11 37 69 87 93 13 40 64 47 13 84 40 92 99 46 72 10 71 15 29 85 11 2 18 67 76 84 50 22 68 23 65 39 58 29 40 25 52 25
71 63 10 51 40 70 33 74 40 46 64 73 50 40 89 98 74 25 10 55 92 32 21 58 73 25 55 83 59 97 24 74 4 32 57 47 4 31 69 90 76 4 64 5 94
83 13 32 82 83 26 57 78 23 74 63 72 98 7 31 49 41 59 41 76 63 81 30 16 65 4 62 14 35 74 75 28 9 88 96 56 36 72 61 14 65 83 23 42 80
13 9 34 61 31 89 16 38 27 17 55 92 90 32 6 32 20 82 58 24 87 64 68 90 90 76 85 99 84 28 50 100 55 3 14 58 29 2 61 13 9 36 13 28 37
3 3 18 73 48 42 42 92 97 42 84 59 78 11 99 71 71 3 2 24 11 33 12 8 90 4 68 11 26 96 12 79 75 78 94 80 34 93 39 57 77 90 61 28 95
41 72 68 64 59 68 64 67 91 90 14 87 84 4 65 23 50 26 32 25 59 35 36 84 12 56 64 51 33 59 23 2 94 90 26 22 39 51 85 44 44 46 95 77 55
59 71 1 33 34 39 85 74 98 78 25 58 35 76 76 30 58 58 48 50 84 18 41 93 1 16 38 97 95 98 72 44 59 46 16 55 18 58 29 7 48 52 93 25 90
8 22 29 60 36 52 46 73 52 83 35 78 16 42 1 29 93 56 7 83 28 50 81 53 45 84 55 68 15 98 89 92 81 18 90 30 79 55 39 19 42 54 16 7 70
91 52 95 76 50 34 78 13 46 61 87 37 96 50 4 58 94 45 67 6 2 54 64 48 20 81 30 40 95 26 36 77 81 57 24 4 38 82 42 6 55 33 16 60 30
24 38 23 100 70 44 49 57 42 61 95 9 88 4 13 31 46 14 82 57 86 2 26 95 19 62 45 6 100 38 82 24 75 15 3 65 45 72 45 86 35 58 44 33 11
34 41 66 64 95 19 46 4 31 5 86 38 53 67 31 18 86 49 92 98 74 16 90 72 2 65 70 16 85 44 18 3 23 87 89 21 87 23 50 73 57 61 90 72 20
100 96 52 3 76 38 96 62 66 46 23 65 74 14 61 87 21 53 88 64 44 74 50 28 37 32 19 75 5 63 45 87 16 69 100 83 3 79 83 15 91 22 48 59 59
94 42 15 17 37 33 3 94 10 43 42 90 81 63 22 32 12 65 55 76 85 19 28 94 69 10 59 55 78 98 31 35 70 49 93 96 50 85 98 89 85 20 52 47 36
41 97 11 7 48 56 77 18 58 36 18 60 98 35 63 29 69 92 31 53 13 59 71 37 80 81 47 69 99 8 37 81 65 1 11 47 71 87 69 91 56 81 60 66 94
50 14 53 68 2 59 100 36 90 33 16 58 20 72 1 17 17 30 50 51 34 33 80 95 65 15 52 77 58 61 85 94 92 1 4 89 27 21 63 88 99 67 82 29 87
55 68 9 89 35 48 10 88 44 54 29 22 45 46 17 7 23 64 19 80 58 44 41 60 17 44 90 44 57 23 88 88 32 24 40 3 81 52 12 81 62 63 70 37 21
40 8 21 84 20 26 57 37 27 11 14 75 4 13 69 89 75 28 96 1 87 2 61 24 7 83 80 71 78 92 36 52 60 16 60 76 22 84 79 63 96 38 20 69 87
72 85 43 91 68 91 65 75 41 52 35 12 90 43 85 11 78 69 58 64 89 11 42 33 74 2 91 58 2 73 86 50 89 86 69 20 16 2 21 66 51 98 37 1 12
79 77 85 8 49 64 39 57 56 37 98 9 85 78 33 36 70 32 26 71 32 88 60 75 78 21 36 49 40 81 100 16 47 86 31 26 33 95 6 95 64 49 14 45 26
34 23 92 9 2 74 69 32 79 54 14 85 36 38 8 51 59 24 25 15 32 62 88 31 2 27 84 51 70 30 7 30 32 97 63 85 28 2 22 40 87 78 32 23 59
60 93 38 24 39 53 78 29 68 74 26 85 25 61 8 37 6 23 86 76 93 59 71 100 83 82 15 91 47 93 36 44 18 77 53 85 9 35 54 48 17 59 15 86 15
52 60 49 38 89 31 32 62 89 49 63 43 21 68 30 88 3 31 26 29 22 27 89 62 75 92 24 75 100 73 6 41 81 85 23 98 70 76 42 42 31 35 100 34 68
56 38 39 18 32 41 17 6 85 53 63 17 60 10 87 5 96 57 52 83 77 100 67 51 84 93 37 75 13 2 96 56 51 20 43 33 6 49 47 21 63 24 6 36 20
16 58 55 58 8 89 40 10 7 65 61 14 24 89 56 25 88 85 11 68 68 60 100 25 58 17 40 85 9 9 50 56 88 61 12 33 62 10 49 9 41 69 84 95 67
81 85 49 24 42 34 1 33 17 3 44 60 54 31 27 32 58 12 77 98 27 74 85 91 52 62 45 51 98 79 69 44 88 73 59 90 42 39 64 18 49 80 67 75 25
14 98 58 8 64 78 60 27 75 20 33 44 10 22 94 73 74 72 40 39 95 55 11 26 42 36 80 76 45 51 7 5 37 44 71 72 51 35 47 29 93 21 15 34 52
78 33 36 26 29 90 50 78 48 38 71 59 51 18 53 69 22 22 88 29 64 17 47 77 94 46 65 11 9 2 3 58 3 96 57 8 96 69 19 25 30 88 21 99 28
79 11 14 31 12 55 10 94 13 49 53 49 76 5 100 85 73 66 38 3 98 54 38 48 76 34 8 18 98 6 7 88 46 23 79 67 69 91 84 49 39 4 78 73 8
33 69 26 94 59 69 97 56 59 90 71 37 89 43 34 99 19 44 16 58 64 59 58 25 98 12 62 57 37 42 36 44 90 12 36 62 4 41 23 74 70 25 71 87 57
28 73 59 65 92 5 44 88 32 63 86 94 66 49 47 4 4 60 27 35 45 13 43 16 100 54 42 86 19 68 47 72 90 47 25 92 48 55 82 46 17 23 21 87 42
90 31 9 74 85 37 44 21 64 11 2 81 27 83 91 53 42 18 6 4 2 14 2 66 88 15 41 70 94 34 26 42 30 87 65 89 74 19 56 4 92 84 89 44 66
78 71 52 30 72 34 89 50 23 35 50 19 100 57 53 64 59 15 23 28 96 33 38 52 63 54 17 76 43 85 14 84 56 78 28 39 71 28 42 75 50 3 1 40 84
12 10 97 32 81 2 13 9 33 60 35 64 2 30 51 84 95 24 7 96 63 82 19 34 87 84 9 100 5 79 4 97 83 74 28 25 69 2 41 32 32 98 92 6 45
32 7 29 29 81 4 11 83 20 65 1 16 68 8 84 97 41 35 53 18 86 23 28 17 31 30 63 84 41 82 58 28 34 57 67 81 10 12 62 94 3 44 4 90 16
15 98 32 62 51 46 15 76 31 2 65 83 2 94 96 71 97 42 96 74 52 5 60 23 32 64 96 65 20 73 2 89 87 38 65 17 93 58 75 55 33 6 34 61 34
5 15 84 82 79 10 66 84 51 12 82 46 13 85 19 12 68 15 49 67 70 36 6 58 100 56 54 32 66 3 66 38 98 91 11 15 22 61 99 25 46 26 18 43 4
27 83 61 9 80 97 89 56 24 51 81 26 29 89 96 84 66 92 35 73 72 66 37 47 17 39 56 81 94 28 91 76 20 35 11 56 50 6 7 23 21 8 17 35 11
1 43 46 33 85 23 77 99 12 58 72 34 16 45 67 54 60 15 10 100 31 74 15 59 93 47 36 61 72 46 83 44 26 25 76 83 67 37 16 11 93 34 5 12 10
62 63 22 44 70 100 2 25 72 26 12 49 100 77 43 3 3 62 15 46 98 13 87 63 50 2 72 30 34 55 57 8 56 17 49 2 7 15 78 36 60 39 50 2 26
34 42 82 96 99 60 18 77 47 84 74 74 86 80 60 65 20 50 88 76 97 51 48 76 8 31 34 42 18 36 71 18 99 75 64 16 43 86 2 78 51 31 36 41 53
72 20 14 58 95 64 11 49 29 35 46 11 78 45 45 17 9 6 74 86 64 4 44 28 3 50 49 1 84 35 77 68 34 27 91 14 91 10 28 60 88 62 24 92 26
17 3 18 66 32 72 39 64 36 12 70 19 61 94 61 6 44 33 44 22 52 76 84 48 94 59 59 49 3 84 93 56 53 57 92 75 25 3 67 34 53 19 34 12 96
84 11 11 63 59 86 89 65 29 21 4 87 43 38 78 12 15 73 37 93 43 52 14 19 53 84 99 53 94 95 93 69 12 40 90 94 94 62 5 54 56 86 13 96 38
27 93 77 58 53 92 75 83 14 8 85 98 79 75 84 71 71 65 19 89 65 100 52 86 79 50 72 96 66 2 48 34 7 46 78 66 51 99 65 5 100 2 43 29 75
26 20 92 53 18 43 26 39 53 31 78 57 55 40 32 39 77 94 71 57 93 34 28 93 47 70 77 29 11 38 98 93 94 17 37 49 59 56 31 1 58 99 65 30 89
91 76 37 16 24 79 99 19 92 67 78 30 44 11 25 96 32 11 68 94 28 12 26 81 35 34 84 26 45 2 87 4 31 10 55 15 65 25 89 29 66 17 46 18 19
71 8 1 48 67 17 89 36 20 4 53 60 59 47 32 57 87 27 88 89 42 41 5 18 31 78 50 37 69 45 37 27 37 44 43 33 36 87 23 69 90 9 96 21 89
16 1 28 57 86 30 77 97 79 63 79 78 11 1 50 12 22 13 30 59 73 63 59 11 100 15 99 39 89 24 90 65 12 5 75 93 37 87 43 58 12 69 27 62 73
42 33 51 54 44 32 99 95 28 60 62 15 44 18 31 64 4 2 86 26 3 30 55 48 41 2 45 22 92 58 37 34 27 92 30 10 82 67 80 100 28 99 71 24 95
60 17 32 32 40 68 30 19 59 70 15 91 27 78 95 8 40 90 95 72 6 92 64 62 17 2 44 95 5 1 58 11 79 28 33 22 68 56 30 71 92 25 76 51 33
19 52 9 38 32 45 41 77 85 35 53 2 18 18 35 20 17 85 6 28 28 72 100 96 63 91 70 32 83 79 32 90 53 56 61 32 51 80 34 79 22 41 63 52 6
67 93 72 31 14 27 67 31 74 82 34 93 31 23 18 6 90 19 39 8 90 77 59 54 58 22 74 34 99 68 89 59 16 69 25 76 27 55 82 1 62 17 91 4 35
7 12 66 36 2 76 25 45 29 29 41 6 61 24 22 1 50 14 50 63 40 34 69 67 84 39 54 35 67 66 66 40 98 26 79 75 51 99 85 76 39 49 77 35 74
23 90 37 66 68 50 7 93 34 52 26 18 58 44 87 22 48 94 89 32 10 72 76 52 11 10 73 67 55 18 56 100 69 53 73 62 12 9 30 67 6 63 26 77 10
53 57 49 71 93 91 67 100 63 93 41 34 30 25 25 10 67 27 66 40 1 41 10 90 77 22 26 30 16 47 16 85 47 36 89 33 87 75 100 97 58 100 49 47 54
91 90 61 25 82 86 63 1 52 74 74 43 27 94 99 3 61 3 76 87 18 93 87 96 61 27 73 84 49 31 96 60 26 45 66 99 97 8 85 46 31 81 51 83 61
43 65 24 72 19 21 75 1 99 36 34 6 3 92 89 9 33 53 59 80 3 26 16 70 90 30 16 93 55 16 59 11 60 27 25 62 91 97 94 13 55 1 39 20 67
34 9 87 9 6 46 59 31 62 86 17 55 82 27 87 79 26 98 11 59 84 44 31 77 53 5 34 23 38 39 2 22 44 72 9 57 14 7 35 82 96 87 82 48 66
48 9 76 49 53 19 57 46 75 45 38 67 5 69 48 21 77 90 44 8 61 29 17 96 38 31 39 8 55 89 100 9 60 89 56 2 49 54 16 45 96 53 100 6 26
60 58 10 4 19 77 57 91 97 26 80 8 43 95 16 74 58 43 63 89 11 61 63 75 33 72 54 93 22 35 94 87 72 49 13 31 93 5 79 99 55 14 61 85 48
